 1.9637439250946045
 1.7461392879486084
 1.5724048614501953
 1.4166336059570312
 1.1656324863433838
 1.2090184688568115
 1.1514196395874023
 1.2669596672058105
 1.7448549270629883
 1.8833770751953125
 1.4216113090515137
 1.5810933113098145
 1.4967100620269775
 1.9028618335723877
 1.4008526802062988
 2.112056255340576
 1.355102300643921
 1.3660800457000732
 1.35318922996521
 1.758746862411499
 1.8100979328155518
 1.2871119976043701
 1.2547132968902588
 1.195270299911499
 1.1596989631652832
 1.2462775707244873
 1.6454126834869385
 1.5133378505706787
 1.3360896110534668
 1.424717664718628
 1.337289810180664
 1.5947706699371338
 1.1693344116210938
 1.183072566986084
 1.2658195495605469
 1.3191606998443604
 1.304703950881958
 1.3358466625213623
 1.3568148612976074
 1.4549386501312256
 1.367490530014038
 1.3996312618255615
 1.7232656478881836
 1.378873348236084
 1.3813345432281494
 1.8416810035705566
 1.6136970520019531
 1.094987154006958
 1.1711525917053223
 1.2783010005950928
 1.2289385795593262
 1.1690022945404053
 1.265181541442871
 1.6839346885681152
 1.1366569995880127
 1.3283562660217285
 1.171640157699585
 1.2912304401397705
 1.5741429328918457
 1.4470703601837158
 1.383582353591919
 1.4326093196868896
 1.55350923538208
 1.6644971370697021
 1.6677665710449219
 1.7209179401397705
 1.4202852249145508
 1.4395992755889893
 1.3220479488372803
 1.1665494441986084
 1.0975019931793213
 1.191448450088501
 1.316695213317871
 1.2442402839660645
 1.1459197998046875
 1.1456408500671387
 1.4734151363372803
 1.25632905960083
 1.1623833179473877
 1.200376272201538
 1.4553613662719727
 1.3308403491973877
 1.5460336208343506
 1.2472736835479736
 1.6952674388885498
 1.619886875152588
 1.6996262073516846
 1.335702657699585
 1.5363719463348389
 1.2304284572601318
 1.882117509841919
 1.3407576084136963
 1.215188980102539
 1.378683090209961
 1.2217493057250977
 1.1950104236602783
 1.20570707321167
 1.3129303455352783
 1.6628382205963135
 1.6274354457855225
